,Taxation & Wealth Inequality,Government Spending & Debt,Labor Markets & Worker Rights,Healthcare & Public Services,Corporate Regulation,Trade & Economic Nationalism
Taxation & Wealth Inequality,1.0,0.436,0.519,0.472,0.5,0.415
Government Spending & Debt,0.436,1.0,0.481,0.521,0.539,0.459
Labor Markets & Worker Rights,0.519,0.481,1.0,0.471,0.575,0.459
Healthcare & Public Services,0.472,0.521,0.471,1.0,0.521,0.431
Corporate Regulation,0.5,0.539,0.575,0.521,1.0,0.459
Trade & Economic Nationalism,0.415,0.459,0.459,0.431,0.459,1.0
