,Taxation & Wealth Inequality,Government Spending & Debt,Labor Markets & Worker Rights,Healthcare & Public Services,Corporate Regulation,Trade & Economic Nationalism
Taxation & Wealth Inequality,1.0,0.499,0.567,0.448,0.553,0.5
Government Spending & Debt,0.499,1.0,0.511,0.423,0.555,0.468
Labor Markets & Worker Rights,0.567,0.511,1.0,0.491,0.549,0.443
Healthcare & Public Services,0.448,0.423,0.491,1.0,0.491,0.365
Corporate Regulation,0.553,0.555,0.549,0.491,1.0,0.535
Trade & Economic Nationalism,0.5,0.468,0.443,0.365,0.535,1.0
